37.96689226098871
822.1610842356225
738.716092093552
136.23881891682433
937.377667863646
280.55370075514287
451.72918894534644
52.327566912157565
356.0609603660527
601.7805119217517
780.8593464441522
437.6251659649469
763.9945843835268
786.1415812259752
237.98163728974208
178.25118258931948
978.608566313425
175.05342162596193
400.3506972223241
371.2658739083556
308.23577742373675
434.20701736318523
214.54733800732296
30.294304580574362
227.9271949565086
289.0386836398269
213.66493502923188
574.3622109174796
314.4693427970462
33.54015701669822
683.6541953744729
824.5833972229974
605.9174042911909
373.4735263300328
18.847618403675103
164.0028090502985
770.6842478153387
736.3460753371365
992.0354713412753
977.8130114787906
472.20251996731577
783.0382942662674
431.0674853618792
484.32648521030984
97.40273044856363
489.76853602302185
841.8056633891804
591.4996593910565
580.7278123780836
834.1157673606681
846.3549055477778
469.468820032099
400.1302964282466
815.1115744653218
915.8506151999088
116.47254949378272
947.4753693655136
264.951522743531
768.6826353920139
313.6984967880825
382.9995515480834
668.6649318912707
977.8879828354345
14.007328693284915
771.9509558112024
998.1211989764959
785.5450082927363
390.1500319840593
771.2641548429109
388.0399544799649
857.3542573599883
480.0091735787427
385.0990358976073
334.21137529590607
727.1920531844172
609.5588326819146
340.299107546838
977.9218598917907
979.2749359905076
548.6514437343029
446.3024355736045
955.6198435311735
794.6745170455728
660.4049365456281
898.7635666542824
239.14476911735238
349.273588221056
141.87612825167528
862.1225006345877
369.3820375449102
691.8563070633578
821.8718539366718
823.5826289526941
494.9957115617589
153.87656546982853
881.162379972082
149.43642911652822
667.9292264763046
46.55032055533148
291.0262645579201
994.4041923943265
918.6540832263253
386.26918265065524
727.9694059093885
215.62767066716836
736.6854676025009
655.9341560146269
215.62560637034667
225.18700539970814
715.6723114181304
157.65994885426517
769.2598072176004
778.4859151315771
287.4089623523638
341.4018745444964
873.958929302019
540.5766144572029
665.4044666198079
604.4088618057366
714.5098830237156
898.472749279753
346.1842971973249
448.007910167693
693.1279546161214
894.724776718931
775.2888506214942
551.0761868212043
920.6128946315672
346.0092282420213
74.97190585768953
273.6597229597544
47.17427125105811
180.20936833240287
51.89087686421612
339.5478317877971
11.081647955453189
776.4418652630064
55.6208694706507
963.215092325975
26.458917095372403
624.7103030540728
642.6122050414173
484.3936718346521
405.9567557676388
935.3428318545081
415.25130920200115
652.640443205455
619.7006564901467
923.0982758173296
851.973079207256
64.61504697768594
328.8265427377568
366.801073123738
421.91268911346845
898.3865123039436
0.07935838380845883
702.5922555830617
786.3731534355395
11.937600141455174
107.36518581618748
347.36033152292475
429.42430611940483
677.1375608743541
856.8102276384639
168.6420876598993
631.2380895540539
705.8058502041422
833.7950305877039
18.260403817129898
300.30400917327347
491.090299585633
963.5958825085517
29.192390592591046
814.4572035475754
535.2356451172526
701.6796090922384
938.6378107807989
685.6916703868252
363.9189480657
425.3618445264229
44.984264267810325
560.0190949770322
337.6808226908392
585.453292288475
532.3423310797614
791.1735917834367
762.5824679992705
294.6820091325463
803.5504653446261
585.7513779237112
875.0701272382883
679.0942442181552
151.02533298004306
507.41378179263694
730.1303998168582
499.3004306947447
564.5611105513182
949.0703674717926
757.1709853429661
260.3464992880915
726.1564521977522
34.4989631901288
764.6634983179617
272.15544636178123
274.1754074935774
294.6475629444237
472.4360771820534
896.8976285621039
232.62470599359432
378.9028964130433
229.6053662967338
525.3124649451179
96.05615314080663
7.898685049068432
436.48906080070384
660.9183901745758
436.58030125363814
351.97672349254105
330.4413783706868
859.2118401549368
56.70295412097881
28.20181757469742
218.40582535611165
168.37022626081634
650.1735172325255
948.8715498328494
943.0811164324718
148.63774460231662
652.7606631216075
325.75077587500846
354.9472060415287
509.487187780443
465.846630128107
236.7991271632419
829.0006908816749
896.8146650593272
517.9591568906419
295.95000691108186
412.899782578978
386.83847000393644
692.8355209340182
131.53742858675554
22.320967890988697
799.0374130371955
497.34057015522893
575.257195241721
209.68080574940984
27.377625948518446
968.5367623758216
691.0869716015708
423.9781588200909
207.24130842720677
726.4305505364109
32.37985738314464
352.3634193636339
684.8849758096331
767.3969679382625
805.3842404345943
888.1429186914594
436.91824399998114
563.0095072166707
938.7323298942788
505.27867662818915
799.2092424212801
779.9801615363615
410.97868196136136
336.0442533792598
107.78551947578808
469.1402321738766
572.0590387285423
46.35043635309688
128.71486373625208
884.8696006606017
609.5790081536046
682.354434579602
959.6131008074723
191.10817221234288
757.1307457810183
22.319362284178744
422.3410049089473
186.06048955176803
319.3757189128641
609.2911849603977
834.6160071241405
834.9304102295956
97.41960801783989
563.0124164806881
447.67866881774466
838.4995458491217
338.04549627509897
473.59347412014597
767.8177566486657
685.0899394233604
901.6596780614592
164.81386885526172
441.4721436764468
634.4277306075938
946.3441528766743
881.5270461928491
376.7913579703187
864.1511026128486
59.19870397036819
503.4944447649371
298.9510748130743
573.182649020067
431.19407623933046
717.0758930685146
992.1838897442924
180.91271332363434
368.04784963635893
686.5544316045667
68.39921300099772
887.1164921561713
157.17256119186152
658.476248551862
220.43116265001328
764.7550660863233
69.53539470357161
105.23720982918428
567.3663275863679
246.28603450424714
65.30751587849626
468.24890764675786
880.0683651189698
333.8369577175352
593.4705511446749
296.3696626560011
186.92943365438032
114.57077369473767
728.0860917561021
591.8863345302882
503.04341763195083
194.79908349559426
767.7239694884902
474.1851624627883
200.40954580684956
479.8757793457244
339.5834010330342
850.3509818021822
842.4387657330735
321.6301162639632
996.1308706687287
642.286012816419
142.95024935466262
431.0748680222958
269.6168346988533
261.54074068111277
78.00820990062063
111.35143749404364
158.6232796306033
445.9010963023855
78.36444305861801
304.351110834715
60.8325709030253
275.8778925795209
660.9350761167738
664.1772083199903
237.49734881905104
174.59531651642658
819.6551940449318
371.59041732694675
997.6304648346604
961.1780405220385
989.2175280641383
685.8055484114828
923.7224339498404
575.5868451593994
419.61734960155917
293.4845539799985
625.833723596892
921.9549363537383
355.0878388812075
359.4975777523315
707.1976792193008
387.8286657389821
497.9259135368399
809.9999742809861
852.0091027425343
988.3175257410903
855.8714457564047
785.600022135633
204.86273710104908
757.0103279617966
221.11739222236127
390.8685430108967
501.34463146164876
959.6156857054038
209.69228491788317
836.1681299927723
730.5687747662184
941.6366054852112
1.8706171904440128
818.7565391525402
462.9903870208203
937.9906712178254
667.4305208713679
522.344832334985
360.61584838318015
970.3387699467373
233.99292903318258
927.7681318303718
801.7691540814201
36.98661893580113
462.33898117870297
222.15257304981262
998.8631177082336
160.57540490827859
629.5184604414418
969.9395274191592
465.16282477278224
500.3792363687888
488.7244627834525
366.3538381887108
195.31815358660597
658.8782118628269
974.324216866227
332.3801088930499
464.4809206621551
516.3782555211196
151.10042234189635
430.0370126538179
722.1112817840128
412.7998287984086
368.67059578328144
577.7168624095607
659.1175022792879
262.3593993201868
575.2169110919631
327.58340665563304
160.76158084657476
234.7192848302304
269.0724677264225
30.498211034363564
522.8028696892538
965.2825516365739
622.3742592678605
558.6719089862539
4.6406785750138235
867.6618506255105
897.9070800908605
382.21352824965436
520.7558354836323
12.952184678097222
398.4267505725574
702.9775341630192
30.54039111621998
213.28916890225923
837.1649739272357
37.5847268234577
976.6434430702294
401.27629498012664
198.88242663742795
111.2200299145607
943.2507143365613
132.21594043876038
872.7503013874882
174.7860392204603
558.253740268106
52.68017744563769
81.50535883875887
890.2188791193375
547.0543530410587
476.8098470871418
405.7366073834269
742.248213768377
760.7886077479598
790.8311023928442
507.82666896146276
529.6108701192383
948.043962426672
266.6302943237866
996.9845003720142
864.7035035307576
16.681976653152518
6.830441130704523
744.9703306058938
767.8864428584502
541.1683096855603
166.66272188520347
861.5274471915861
381.1275603415332
310.850546700136
302.0292826684056
969.2003681042355
545.4012604416669
785.9138505215292
678.5045642110053
379.1316772787707
487.23464820511185
430.28274887549856
642.6237518029924
262.59531347900264
142.01908690196163
24.52768262636762
704.6591547571985
937.4368707745778
705.1822512644194
226.87226681626714
811.1863766650515
944.2565009572253
847.0421749032386
846.6883038240621
396.0936931543345
674.0835636953599
653.141393683148
522.4026134993215
190.28994693461598
927.4562160350475
759.0856688506829
754.5304573045559
443.2176661312752
934.233624302153
337.38894781028296
534.5885930388199
163.3795626066855
44.13200293482955
563.5518769568338
131.9299775649807
220.43804234479958
509.89005421905875
939.5783150283974
953.0814943947803
668.049724300464
528.1335423302548
385.3611487047007
771.9554186689285
444.4471030445781
977.4223566754716
321.8442415637236
44.34346681210521
686.8824555643523
98.6281275100498
64.59515910148184
466.3923262876254
256.39978750729165
699.7037477745534
722.3987422553572
414.2981696623558
711.0025258598332
335.07106889943196
452.70912009746786
411.2464806481603
888.1361245967744
309.26632650288724
364.27366359360445
307.6633476732367
461.50633837099485
285.1473456825356
576.9690856421395
432.13241143688475
322.6055325264114
738.880725252874
949.8667472661223
572.8717909187484
403.92069288385926
497.0907077850635
770.7705205747543
283.45344472791203
608.648967962603
115.96625971525599
263.94697139101663
671.4870383601259
840.84732478059
917.7863308935722
117.49469470220197
525.2794861272829
740.2951775543038
87.23773483488151
357.7756953994257
361.0198000227796
617.9499891862911
348.0636673548987
805.5586028748465
731.8288225544691
260.72747261170383
389.99567819573355
36.99975082520157
930.0516279627114
728.4399242582421
396.5852007513632
242.31521828229407
35.46013940120063
1.0770639522234005
736.4654497231826
625.9728027985401
114.57196756981725
351.2161869838055
123.7378587539626
24.46010015477018
260.08110254451356
614.1993254828234
327.5923045432889
231.16111705059316
74.43472448077281
107.81695624716735
816.9330528195137
112.60036587992217
147.87960509645737
813.5893290106073
562.6980292504687
976.2900944788147
58.84082882620545
573.3381400689551
588.7215554415742
807.6428161305319
433.284140126065
477.59257926646325
761.4057590367726
931.8877900364624
639.7529097331064
326.4755531422514
739.1297274134865
376.6568877368259
768.0592874773195
29.06758220636252
964.2390355183445
711.8815619291689
642.1482712345405
73.84684510684924
73.62316425233917
425.8692005471291
751.4428280727809
750.6563022349369
128.30154134895778
959.9043286523256
150.01658798141636
633.7494680370147
618.1038346579363
368.4454996704166
569.2305408818361
945.8187018316921
284.44344479632457
197.96651279696476
217.00838524850053
814.5109306398242
422.3475177630501
584.7164985741913
995.7150096787165
105.78772469828712
472.32115544952467
760.1497840794391
160.64083338814828
472.58763508992365
393.28703835433885
122.50389381781801
762.3847406384082
492.60102766594395
519.7559995501584
783.9793287230921
568.9665859478099
285.5683875355869
349.54823348007756
35.20273651977579
547.2896720264426
798.3654276006461
982.7986980719519
482.1303478652855
398.6127056948432
25.23906446643165
738.6444849002087
705.2762003709621
88.97959309752301
790.9107336236417
812.9057297361296
167.12532585346608
793.0949532792757
365.8644291201245
708.2362516059616
750.8194304814086
178.92139699678634
105.98878932387467
567.6334711600608
751.6784193041453
500.31471374604786
512.8437514817874
472.86171253603004
362.8484160149974
536.301692229238
596.1744027304429
231.25693393397307
697.3428595879653
18.143887781441272
186.8957715680205
167.54488666132983
170.9701462164397
819.1209433603159
896.6238620618369
961.7189237680172
634.1179505827226
847.0046280244551
748.9301438369912
629.6875417310033
985.0904472705248
275.4852408300262
117.8479757903762
330.3160913271862
123.67180022668134
478.34991042950514
500.7609396694087
800.6508490697593
10.815558432225703
789.0022505232217
825.6552232798914
870.5279308643707
288.83591322863276
997.9512920199879
446.81865285783937
688.4334160941817
386.2040162310193
322.18721201046395
718.4218129740359
2.395263324281305
282.0281932489651
432.89985246966444
52.01712696478589
82.85166138867484
137.52459971420728
11.785618058426595
661.8443610531448
648.8541780721324
815.2601466320727
221.22702102869374
780.9314397050565
464.6288883371968
901.677136500593
419.91855608299136
991.3320992957355
110.43172405065683
224.38512657701293
433.0511297690788
453.4430067506542
799.7993276252548
12.931974763361831
694.9570684725109
242.19412389689043
14.709913115214967
790.2432682657084
622.1560593902269
702.008484006093
160.83339284960252
801.6446750443642
646.0318030270332
717.7785269243916
406.96370795237823
289.35988678037637
436.90842205641866
65.70799314489517
365.8902630879226
202.60191328316256
985.0840943741258
555.7194213537462
298.37987770671504
996.8531149893557
369.4192079226274
506.2299125568488
77.60429743625575
20.65517131478223
240.36484446464112
202.4480531624634
238.26249057870697
614.2074414743006
271.85648138151873
380.9475871334246
52.81131341007039
451.29806465849686
95.28746966893043
456.12433179968457
726.6315465389135
844.5691715470741
518.8149717316848
158.2446253462264
484.621122458028
703.8439658079753
156.54096220188495
488.1450991713983
533.620824895118
588.2200169438933
944.6493156632939
410.2451875777392
628.2423023302727
824.8597653945401
405.36957926646824
503.3852523905058
242.08151691279667
980.8853662362806
934.6766845025044
868.105002836673
151.96603913455476
69.51248158792689
835.9251852923782
949.3279733767426
579.7973978506801
747.5330317644424
299.1554716544359
575.0199574014218
904.7145196331193
418.48449305107226
34.598693604277585
434.24048602952524
357.7182650739391
594.3191517924978
808.9460041540447
422.10801487568006
41.560743866569496
88.11393444996352
704.2367595561005
764.5513779918915
80.61767227824824
611.3372448568547
521.7596780932136
602.3210355282497
698.6257378465374
131.41660352978434
387.14977658510344
761.5859002780261
546.5810978913918
908.826744829869
277.9027128014041
767.5425449737262
658.7593733016985
477.64510664510516
890.8179903238392
767.8153786400826
1.7310917757246136
959.4972148357605
994.4207372836646
924.0279232085502
699.4112734078624
8.042284659348198
170.20128303482608
2.7770381880880546
666.5953520336411
369.6246653984671
636.5506496625009
351.34296720156175
564.0977954198397
515.4444002321147
670.5593466485386
178.82051669967237
700.5242536876191
51.57589928693107
995.3855980489564
79.95730550412684
748.8714722782686
645.3908229358001
384.6884001665238
36.837271275858676
920.5638182898974
20.417539405496953
650.6599333713391
712.6489086516158
545.1991648794209
166.39628181595512
128.4806109167228
712.1291612302406
841.1905791781293
287.2655802385258
747.5596920143001
624.8758236440154
30.655195322465968
167.04198225255817
788.7124871815103
90.57238951603885
851.3145027954203
572.032081944006
466.46548114844234
829.2713837280351
948.8356159646614
27.541798297691102
546.9685879500498
565.2331675347493
594.9561451196149
808.2250040674567
314.53361517580714
39.41937194577638
669.8999069506906
263.4398000938821
333.606705556764
853.5912632791344
872.0045388963665
662.457462694775
618.0217875755513
718.0650245938767
673.1463986076486
589.0954542084746
15.670814803456112
785.5277007967231
625.4617150493691
541.3228475995819
844.2659386884472
144.91852442155263
243.02765921783242
798.6125553226127
72.65798157978465
222.23289758643804
831.5804210175162
808.2917777299108
632.2138363147151
789.2067728539016
320.0120179009671
311.86833886890895
764.0456065360144
516.191425958131
359.3010958545553
183.28732413921324
660.4223798411105
522.1302028276009
697.6975599755683
483.2989299139341
42.48512976751873
172.39970731938848
115.39441897184221
547.5948288838157
731.4243310362909
454.380503481747
7.584816685142104
21.097406516240923
716.5684156027656
620.9728626722878
41.71572332776496
626.7621454947722
701.3710426461272
433.8756085090393
182.9143898013714
114.48056580083454
617.0733234338721
261.29696122924275
780.9773291741185
274.1472032409522
133.8572083029511
488.8682887966349
342.97575534173217
116.68109566389828
770.5943186030097
187.88298728816687
77.44546914261218
327.7685494279554
806.8341527263409
751.5844701938734
289.29352416659236
881.3207113574621
834.4647708447777
258.07858101157666
228.96742119753432
263.1154962782117
451.5174696625973
647.5475946844598
55.09739624265553
99.82120573698427
296.87684645189137
411.79413402018616
156.73578100807717
114.57390661646694
352.1958767178012
385.74536186714334
199.4820341837391
237.50921829069384
196.10555970791398
403.3991091810979
909.1955871238958
388.1239543333692
685.846967871735
34.79487844983276
787.6631897132952
916.0709937308267
362.7430015130898
355.9451133470801
666.5009399347585
937.966199325163
730.466397551431
720.2625750129308
248.73612239515032
840.0137622800522
438.8489754708801
797.8719426043201
561.9269097542514
29.73206701304454
321.0167954498199
728.2953573310837
552.3429646518371
614.7894536396784
177.9246181548033
92.35261469508504
886.6436506798741
62.93504978844289
181.90235737237504
550.7188523202269
395.65473714086806
54.23735442118915
779.6147942389273
419.4339434488066
494.2582249968481
675.3188322464916
14.87574657335211
156.75919354738156
342.0747504647101
825.0019649200854
263.04588046451624
721.1287816467274
471.5309430192664
